1,0.339121775
2,0.467858908
3,0.402571671
4,0.391517317
5,0.395584116
6,0.512656103
7,0.35592445
8,0.611423581
9,0.384348871
10,0.336210206
11,0.585656377
12,0.35034394
13,0.475449593
14,0.502206506
15,0.449828
16,0.691298901
17,0.446638279
18,0.393097078
19,0.440770646
20,0.565206931
21,0.503191898
22,0.486929353
23,0.609108063
24,0.572383185
25,0.453673785
26,0.528864092
27,0.558740999
28,0.567954533
29,0.44521723
30,0.423811948
31,0.533942246
32,0.36279749
33,0.511533944
34,0.369093658
35,0.408065064
36,0.291550007
37,0.456188064
38,0.321586188
39,0.492029885
40,0.465098918
41,0.437991581
42,0.446490614
43,0.413717897
44,0.613883196
45,0.688713895
46,0.481036329
47,0.501775507
48,0.491652513
49,0.4486792
50,0.394487845
51,0.554987292
52,0.537080557
53,0.466458057
54,0.318219365
55,0.400177191
56,0.340644837
57,0.437796577
58,0.475358559
59,0.376889176
60,0.481997971
61,0.533259361
62,0.395703679
63,0.387925712
64,0.409719663
65,0.468224137
66,0.471543288
67,0.540181392
68,0.50491346
69,0.523383074
70,0.659526438
71,0.617530853
72,0.410067425
73,0.745030559
74,0.467031511
75,0.53206129
76,0.444916943
77,0.572933377
78,0.444800799
79,0.445496842
80,0.611685494
81,0.538251004
82,0.531991665
83,0.496498217
84,0.531059185
85,0.636979224
86,0.551018597
87,0.541032535
88,0.66150984
89,0.557462118
90,0.496001615
91,0.47546443
92,0.479040573
93,0.419925135
94,0.423938767
95,0.476401898
96,0.724181486
97,0.514922884
98,0.426687277
99,0.463712219
100,0.484514372
101,0.661138215
102,0.408766903
103,0.42821404
104,0.539614079
105,0.510368778
106,0.607906517
107,0.558349159
108,0.577825007
109,0.620110639
110,0.675288192
111,0.642373143
112,0.472536799
113,0.501611523
114,0.436835387
115,0.508485083
116,0.453443978
117,0.684582756
118,0.361870764
119,0.593378319
120,0.517823887
121,0.52987865
122,0.554986607
123,0.498378554
124,0.49008497
125,0.426558342
126,0.412708113
127,0.493795276
128,0.58779931
129,0.424402199
130,0.559084349
131,0.42904376
132,0.455084543
133,0.515461086
134,0.62778095
135,0.513083221
136,0.542117792
137,0.57658879
138,0.549463167
139,0.621256111
140,0.541808546
141,0.440744852
142,0.363042953
143,0.527993827
144,0.543330171
145,0.590874164
146,0.410094282
147,0.582428265
148,0.369319902
149,0.43981041
150,0.508013656
151,0.339822142
152,0.385121373
153,0.485410064
154,0.525767487
155,0.468784969
156,0.302798038
157,0.356281792
158,0.700167367
159,0.596595792
160,0.404839619
161,0.496201089
162,0.477765391
163,0.489289413
164,0.388302696
165,0.463334016
166,0.64619285
167,0.670827521
168,0.575806069
169,0.728301115
170,0.57068659
171,0.403311418
172,0.63915899
173,0.528678812
174,0.545199196
175,0.556557536
176,0.617697814
177,0.568697061
178,0.481346464
179,0.428239556
180,0.49977299
181,0.568533966
182,0.374204753
183,0.378522594
184,0.450267718
185,0.573193367
186,0.556557536
187,0.545199196
188,0.563707565
189,0.403311418
190,0.528678812
191,0.394137773
192,0.422231182
193,0.374776708
194,0.415535363
195,0.825268587
196,0.292837426
197,0.355970088
198,0.396928673
199,0.495255837
200,0.462274423
201,0.578795181
202,0.503773571
203,0.559874386
204,0.6128353
205,0.44945554
206,0.485092273
207,0.399620137
208,0.513515105
209,0.461790496
210,0.561192447
211,0.57309533
212,0.540057205
213,0.532294476
214,0.542786657
215,0.565210951
216,0.417264567
217,0.559310988
218,0.563947911
219,0.477286893
220,0.459291684
221,0.463296546
222,0.465454889
223,0.651216728
224,0.562991912
225,0.646171227
226,0.804363055
227,0.618083255
228,0.539220076
229,0.507608886
230,0.542648403
231,0.45249819
232,0.578913862
233,0.63495496
234,0.483647149
235,0.409482324
236,0.410849536
237,0.369393604
238,0.62478787
239,0.480901309
240,0.486368164
241,0.494158303
242,0.556474577
243,0.519174239
244,0.42959701
245,0.581078919
246,0.454245268
247,0.46339878
248,0.427760329
249,0.481179028
250,0.496650913
251,0.460458759
252,0.434585213
253,0.442532385
254,0.505418368
255,0.454477569
256,0.394124239
257,0.489076464
258,0.485099625
259,0.528360838
260,0.535057749
261,0.436875176
262,0.513180595
263,0.536628805
264,0.537446923
265,0.461301794
266,0.43817729
267,0.442961434
268,0.700770567
269,0.503734278
270,0.52025261
271,0.605511489
272,0.722284995
273,0.566170098
274,0.706301207
275,0.596604645
276,0.505768102
277,0.639969863
278,0.520196388
279,0.684553854
280,0.547271905
281,0.675557556
282,0.458699254
283,0.602711926
284,0.543288774
285,0.743950878
286,0.615451371
287,0.605210225
288,0.631871785
289,0.713062045
290,0.540781712
291,0.634845452
292,0.605888887
293,0.624742579
294,0.647803819
295,0.590954978
296,0.600604773
297,0.534039036
298,0.624194707
299,0.470939824
300,0.529984035
301,0.6750382
302,0.498601522
303,0.695190371
304,0.491943959
305,0.506145525
306,0.617662108
307,0.680286533
308,0.601352691
309,0.592244465
310,0.580286874
311,0.434572945
312,0.457273553
313,0.663179865
314,0.64788948
315,0.589409844
316,0.522807655
317,0.487108643
318,0.863138966
319,0.755519179
320,0.672200533
321,0.547762166
322,0.387039526
323,0.703001301
324,0.553409405
325,0.74106417
326,0.506653242
327,0.5783267
328,0.661453104
329,0.673379219
330,0.590626774
331,0.593450745
332,0.5585446
333,0.621982984
334,0.464053928
335,0.770122688
336,0.471606457
337,0.488191371
338,0.801663745
339,0.580941895
340,0.732827393
341,0.479032692
342,0.668929048
343,0.537999401
344,0.600365122
345,0.478276857
346,0.4436615
347,0.658312318
348,0.654995667
349,0.506752874
350,0.656459687
351,0.667587935
352,0.532534341
353,0.628692305
354,0.616820877
355,0.614491409
356,0.417592101
357,0.422391478
358,0.728724478
359,0.7876754
360,0.573984909
361,0.550555616
362,0.768376166
363,0.422917005
364,0.643245577
365,0.668926491
366,0.855624411
367,0.759604008
368,0.459852269
369,0.559518198
370,0.578752249
371,0.984042251
372,0.571649475
373,0.710633605
374,0.686059567
375,0.658461825
376,0.512043059
377,0.620887248
378,0.652986794
379,0.807741633
380,0.569762658
381,0.59681297
382,0.591184405
383,0.619290633
384,0.528533797
385,0.379659025
386,0.631523436
387,0.432213298
388,0.593954413
389,0.567445321
390,0.53986493
391,0.652317009
392,0.334483696
393,0.504190775
394,0.541505209
395,0.442568246
396,0.718962967

1~190
mean,0.4976458549315789
var,0.008491349719035991
pearsonr,-0.21547812649698925
p-value,0.0028291592027065407
SpearmanrResult(correlation=-0.1931679889504391, pvalue=0.007579171562772623) 
KendalltauResult(correlation=-0.13643541933321343, pvalue=0.008478905528254739)